Variables:
a, b, c, d, e, f, g, h, temp1, temp2, s0, s1, ch, maj, w, k
Full rules:
temp1_i_ = h_i-1_ + s1_i-1_ + ch_i-1_ + k_i-1_ + w_i-1_
temp2_i_ = s0_i-1_ + maj_i-1_
h_i_ = g_i-1_
g_i_ = f_i-1_
f_i_ = e_i-1_
e_i_ = d_i-1_ + temp1_i-1_
d_i_ = c_i-1_
c_i_ = b_i-1_
b_i_ = a_i-1_
a_i_ = temp1_i-1_ + temp2_i-1_

Actual rules result: (Looks much better)
a: 
b: 
c: (0, 1), 
d: 
e: 
f: 
g: (23, 1), (19, 1), (15, 1), (11, 1), (7, 1), (3, 1), (0, 1), 
h: (0, 1), 
k: (59, 1), (55, 1), (54, 1), (50, 1), (49, 1), (46, 1), (45, 1), (44, 1), (41, 1), (40, 1), (39, 1), (37, 1), (36, 1), (35, 1), (34, 1), (32, 1), (31, 1), (30, 1), (29, 1), (28, 1), (27, 1), (26, 1), (25, 1), (24, 1), (23, 1), (22, 1), (21, 1), (20, 1), (19, 1), (18, 1), (17, 1), (16, 1), (14, 1), (13, 1), (12, 1), (10, 1), (9, 1), (8, 1), (5, 1), (4, 1), (1, 1), (0, 1), 
w: (59, 1), (55, 1), (54, 1), (50, 1), (49, 1), (46, 1), (45, 1), (44, 1), (41, 1), (40, 1), (39, 1), (37, 1), (36, 1), (35, 1), (34, 1), (32, 1), (31, 1), (30, 1), (29, 1), (28, 1), (27, 1), (26, 1), (25, 1), (24, 1), (23, 1), (22, 1), (21, 1), (20, 1), (19, 1), (18, 1), (17, 1), (16, 1), (14, 1), (13, 1), (12, 1), (10, 1), (9, 1), (8, 1), (5, 1), (4, 1), (1, 1), (0, 1), 
ch: (59, 1), (55, 1), (54, 1), (50, 1), (49, 1), (46, 1), (45, 1), (44, 1), (41, 1), (40, 1), (39, 1), (37, 1), (36, 1), (35, 1), (34, 1), (32, 1), (31, 1), (30, 1), (29, 1), (28, 1), (27, 1), (26, 1), (25, 1), (24, 1), (23, 1), (22, 1), (21, 1), (20, 1), (19, 1), (18, 1), (17, 1), (16, 1), (14, 1), (13, 1), (12, 1), (10, 1), (9, 1), (8, 1), (5, 1), (4, 1), (1, 1), (0, 1), 
s0: (55, 1), (50, 1), (46, 1), (45, 1), (41, 1), (40, 1), (37, 1), (36, 1), (35, 1), (32, 1), (31, 1), (30, 1), (28, 1), (27, 1), (26, 1), (25, 1), (23, 1), (22, 1), (21, 1), (20, 1), (19, 1), (18, 1), (17, 1), (16, 1), (14, 1), (13, 1), (12, 1), (10, 1), (9, 1), (8, 1), (5, 1), (4, 1), (1, 1), (0, 1), 
s1: (59, 1), (55, 1), (54, 1), (50, 1), (49, 1), (46, 1), (45, 1), (44, 1), (41, 1), (40, 1), (39, 1), (37, 1), (36, 1), (35, 1), (34, 1), (32, 1), (31, 1), (30, 1), (29, 1), (28, 1), (27, 1), (26, 1), (25, 1), (24, 1), (23, 1), (22, 1), (21, 1), (20, 1), (19, 1), (18, 1), (17, 1), (16, 1), (14, 1), (13, 1), (12, 1), (10, 1), (9, 1), (8, 1), (5, 1), (4, 1), (1, 1), (0, 1), 
maj: (55, 1), (50, 1), (46, 1), (45, 1), (41, 1), (40, 1), (37, 1), (36, 1), (35, 1), (32, 1), (31, 1), (30, 1), (28, 1), (27, 1), (26, 1), (25, 1), (23, 1), (22, 1), (21, 1), (20, 1), (19, 1), (18, 1), (17, 1), (16, 1), (14, 1), (13, 1), (12, 1), (10, 1), (9, 1), (8, 1), (5, 1), (4, 1), (1, 1), (0, 1), 
temp1: 
temp2: 
